1 45 (1, 1)  (7, 4)  (15, 7)  (25, 11) 
2 45 (1, 1)  (8, 4)  (16, 8)  (24, 12) 
3 45 (1, 1)  (9, 4)  (16, 8)  (24, 12) 
4 41 (2, 1)  (9, 4)  (17, 8)  (25, 11) 
5 30 (2, 1)  (9, 5)  (17, 9) 
6 38 (3, 2)  (10, 5)  (18, 9) 
7 38 (3, 2)  (10, 5)  (18, 9) 
8 35 (3, 2)  (10, 6)  (19, 9) 
9 37 (4, 2)  (11, 6)  (20, 10) 
10 30 (4, 2)  (12, 6)  (20, 10) 
11 26 (5, 3)  (13, 6)  (20, 10) 
12 21 (5, 3)  (13, 6)  (21, 11) 
13 40 (6, 3)  (13, 7)  (22, 11) 
14 29 (7, 3)  (14, 7)  (23, 11) 
15 34 (7, 4)  (14, 7)  (23, 12) 
1 2 3 
180
180
144
180
108
180
144
108
144
108
180
108
