1 50 (1, 1)  (9, 2)  (18, 3)  (25, 5) 
2 38 (1, 1)  (10, 2)  (18, 3)  (26, 5) 
3 35 (2, 1)  (10, 2)  (19, 3)  (26, 5) 
4 44 (2, 1)  (10, 2)  (19, 3)  (27, 5) 
5 49 (3, 1)  (11, 2)  (20, 3)  (31, 5) 
6 46 (3, 1)  (12, 2)  (20, 3)  (31, 5) 
7 46 (3, 1)  (13, 2)  (20, 4)  (28, 4) 
8 50 (4, 1)  (13, 2)  (21, 4)  (29, 5) 
9 45 (5, 1)  (13, 2)  (21, 4)  (30, 5) 
10 49 (5, 1)  (14, 2)  (21, 4)  (32, 5) 
11 47 (5, 1)  (15, 3)  (22, 4)  (30, 5) 
12 47 (6, 1)  (15, 3)  (22, 4)  (30, 5) 
13 47 (7, 1)  (15, 3)  (23, 4)  (29, 5) 
14 50 (7, 1)  (16, 3)  (23, 4)  (30, 5) 
15 40 (7, 2)  (17, 3)  (23, 4) 
16 33 (8, 2)  (17, 3)  (24, 4) 
17 41 (9, 2)  (17, 3)  (24, 4) 
18 41 (9, 2)  (18, 3)  (24, 4) 
1 8 14 
280
280
280
260
260
