1 42 (1, 1)  (13, 7)  (23, 12)  (33, 16) 
2 39 (1, 1)  (13, 7)  (24, 12)  (33, 16) 
3 48 (2, 1)  (13, 7)  (25, 12)  (33, 17) 
4 38 (2, 2)  (14, 8)  (25, 12)  (34, 18) 
5 51 (2, 2)  (15, 8)  (25, 13)  (35, 18) 
6 51 (3, 2)  (15, 9)  (26, 13)  (35, 20) 
7 48 (4, 2)  (16, 9)  (26, 13)  (35, 20) 
8 41 (5, 2)  (16, 9)  (27, 13)  (36, 18) 
9 51 (6, 3)  (16, 9)  (28, 13)  (36, 16) 
10 35 (6, 3)  (17, 10)  (28, 14)  (37, 18) 
11 33 (7, 3)  (17, 10)  (28, 14)  (38, 19) 
12 36 (8, 3)  (18, 10)  (29, 14)  (38, 19) 
13 42 (9, 4)  (19, 10)  (29, 14)  (39, 19) 
14 48 (9, 5)  (20, 10)  (29, 14)  (40, 20) 
15 42 (10, 5)  (20, 11)  (30, 15)  (40, 20) 
16 32 (10, 5)  (20, 11)  (30, 15) 
17 34 (11, 5)  (21, 11)  (30, 15) 
18 36 (12, 6)  (22, 11)  (31, 15) 
19 36 (12, 6)  (22, 11)  (31, 15) 
20 35 (12, 6)  (22, 12)  (32, 15) 
5 6 9 
108
180
144
36
144
108
108
72
144
180
180
180
180
180
216
180
36
144
36
144
