1 65 (1, 1)  (4, 1)  (9, 2)  (13, 3)  (17, 4)  (22, 4) 
2 63 (1, 1)  (5, 1)  (9, 2)  (14, 3)  (18, 4)  (21, 4) 
3 61 (1, 1)  (6, 2)  (10, 2)  (14, 3)  (18, 4) 
4 64 (2, 1)  (6, 2)  (10, 2)  (14, 3)  (21, 3) 
5 48 (2, 1)  (6, 2)  (11, 2)  (15, 3)  (20, 4) 
6 65 (2, 1)  (7, 2)  (11, 3)  (16, 3)  (19, 4) 
7 57 (3, 1)  (7, 2)  (11, 3)  (16, 3)  (20, 4) 
8 55 (3, 1)  (7, 2)  (12, 3)  (16, 3)  (20, 4) 
9 65 (4, 1)  (8, 2)  (12, 3)  (17, 4)  (21, 4) 
10 58 (4, 1)  (8, 2)  (13, 3)  (17, 4)  (20, 4) 
1 6 9 
240
260
280
260
